Ref: 2267 - 2025-12-04 08:11:42.622469
Ref: 8656 - 2025-12-04 08:11:44.225586


